Date,CRIT final order,CRIT diversion,dif,PVID final order,PVID diversion,dif
2014-01-01,681,615,-66,600,596,-4
2014-01-02,708,654,-54,810,794,-16
2014-01-03,832,748,-84,280,496,216
2014-01-04,696,542,-154,0,0,0
2014-01-05,0,0,0,0,0,0
2014-01-06,0,0,0,0,0,0
2014-01-07,0,0,0,0,0,0
2014-01-08,0,0,0,0,0,0
2014-01-09,0,0,0,0,0,0
2014-01-10,0,0,0,0,0,0
2014-01-11,0,0,0,0,0,0
2014-01-12,0,0,0,0,0,0
2014-01-13,0,0,0,100,91,-9
2014-01-14,0,0,0,600,623,23
2014-01-15,0,0,0,360,380,20
2014-01-16,0,0,0,650,872,222
2014-01-17,0,0,0,980,999,19
2014-01-18,500,296,-204,1020,1060,40
2014-01-19,700,578,-122,1100,1110,10
2014-01-20,985,825,-160,1380,1390,10
2014-01-21,1100,936,-164,1340,1520,180
2014-01-22,1275,1180,-95,1570,1560,-10
2014-01-23,1270,1190,-80,1490,1560,70
2014-01-24,1125,1080,-45,1490,1530,40
2014-01-25,1057,990,-67,1420,1440,20
2014-01-26,974,897,-77,1050,1060,10
2014-01-27,1038,938,-100,970,1010,40
2014-01-28,1000,943,-57,980,970,-10
2014-01-29,945,872,-73,930,1020,90
2014-01-30,958,864,-94,950,997,47
2014-01-31,830,797,-33,930,953,23
2014-02-01,655,635,-20,880,942,62
2014-02-02,679,611,-68,690,749,59
2014-02-03,607,561,-46,950,931,-19
2014-02-04,610,552,-58,1010,1060,50
2014-02-05,565,538,-27,1170,1160,-10
2014-02-06,653,570,-83,1190,1190,0
2014-02-07,800,710,-90,1020,1040,20
2014-02-08,611,577,-34,1050,1040,-10
2014-02-09,555,511,-44,830,812,-18
2014-02-10,525,503,-22,950,997,47
2014-02-11,500,472,-28,1050,1100,50
2014-02-12,549,515,-34,1070,1120,50
2014-02-13,630,586,-44,1040,1180,140
2014-02-14,580,541,-39,1170,1100,-70
2014-02-15,550,529,-21,1010,1040,30
2014-02-16,768,678,-90,850,857,7
2014-02-17,830,758,-72,770,1030,260
2014-02-18,857,775,-82,1010,1020,10
2014-02-19,883,795,-88,1030,1080,50
2014-02-20,1000,891,-109,990,1010,20
2014-02-21,980,928,-52,1000,1090,90
2014-02-22,910,842,-68,1000,1020,20
2014-02-23,804,765,-39,840,948,108
2014-02-24,930,837,-93,1200,1180,-20
2014-02-25,880,804,-76,1180,1180,0
2014-02-26,960,862,-98,1120,1140,20
2014-02-27,1000,886,-114,1180,1190,10
2014-02-28,960,848,-112,1110,1110,0
2014-03-01,710,629,-81,770,782,12
2014-03-02,395,397,2,670,662,-8
2014-03-03,432,393,-39,860,850,-10
2014-03-04,460,401,-59,990,1060,70
2014-03-05,526,458,-68,1250,1230,-20
2014-03-06,650,573,-77,1080,1130,50
2014-03-07,705,642,-63,1070,1070,0
2014-03-08,785,702,-83,1150,1140,-10
2014-03-09,825,725,-100,1080,1160,80
2014-03-10,964,849,-115,1400,1350,-50
2014-03-11,942,865,-77,1420,1340,-80
2014-03-12,1004,921,-83,1320,1360,40
2014-03-13,942,907,-35,1550,1650,100
2014-03-14,1020,949,-71,1600,1640,40
2014-03-15,999,919,-80,1550,1530,-20
2014-03-16,906,850,-56,1400,1360,-40
2014-03-17,1006,901,-105,1520,1520,0
2014-03-18,1032,966,-66,1590,1600,10
2014-03-19,1102,1040,-62,1540,1540,0
2014-03-20,1015,1060,45,1510,1570,60
2014-03-21,1194,1060,-134,1500,1520,20
2014-03-22,1232,1140,-92,1500,1470,-30
2014-03-23,1111,1040,-71,1220,1230,10
2014-03-24,992,945,-47,1370,1410,40
2014-03-25,1100,1030,-70,1390,1370,-20
2014-03-26,1097,958,-139,1410,1380,-30
2014-03-27,1105,1010,-95,1390,1380,-10
2014-03-28,1098,945,-153,1480,1460,-20
2014-03-29,850,784,-66,1210,1270,60
2014-03-30,803,757,-46,1200,1200,0
2014-03-31,950,829,-121,1300,1360,60
2014-04-01,978,912,-66,1320,1390,70
2014-04-02,1129,1040,-89,1520,1540,20
2014-04-03,1247,1130,-117,1510,1580,70
2014-04-04,1108,1070,-38,1710,1720,10
2014-04-05,1017,968,-49,1690,1590,-100
2014-04-06,1118,1040,-78,1230,1240,10
2014-04-07,1395,1230,-165,1400,1370,-30
2014-04-08,1130,1080,-50,1290,1310,20
2014-04-09,1210,1070,-140,1690,1670,-20
2014-04-10,1106,1020,-86,1760,1750,-10
2014-04-11,1039,952,-87,1700,1610,-90
2014-04-12,1034,898,-136,1460,1460,0
2014-04-13,859,807,-52,1360,1360,0
2014-04-14,1066,941,-125,1510,1560,50
2014-04-15,1187,1050,-137,1550,1590,40
2014-04-16,1220,1110,-110,1600,1730,130
2014-04-17,1134,1110,-24,1700,1780,80
2014-04-18,1243,1120,-123,1650,1720,70
2014-04-19,1052,1000,-52,1390,1400,10
2014-04-20,1228,1120,-108,1230,1240,10
2014-04-21,1150,1080,-70,1700,1660,-40
2014-04-22,1055,995,-60,1750,1850,100
2014-04-23,1069,976,-93,1490,1730,240
2014-04-24,1199,1090,-109,1760,1670,-90
2014-04-25,1319,1220,-99,1800,1810,10
2014-04-26,1218,1150,-68,1510,1570,60
2014-04-27,1291,1160,-131,1510,1480,-30
2014-04-28,1192,1140,-52,1770,1760,-10
2014-04-29,1181,1130,-51,1780,1770,-10
2014-04-30,1218,1150,-68,1640,1620,-20
2014-05-01,1147,1090,-57,1530,1670,140
2014-05-02,1146,1080,-66,1580,1720,140
2014-05-03,1081,1020,-61,1670,1730,60
2014-05-04,990,952,-38,1550,1610,60
2014-05-05,981,939,-42,1870,1890,20
2014-05-06,1051,985,-66,2020,2100,80
2014-05-07,1163,1100,-63,2050,2170,120
2014-05-08,1183,1130,-53,2100,2170,70
2014-05-09,1149,1190,41,1970,1960,-10
2014-05-10,1300,1220,-80,1830,1920,90
2014-05-11,1170,1140,-30,1660,1620,-40
2014-05-12,1190,1110,-80,1830,1890,60
2014-05-13,1308,1210,-98,1830,1840,10
2014-05-14,1280,1240,-40,1860,1840,-20
2014-05-15,1244,1210,-34,1890,1890,0
2014-05-16,1320,1260,-60,1770,1730,-40
2014-05-17,1300,1290,-10,1680,1700,20
2014-05-18,1340,1300,-40,1650,1540,-110
2014-05-19,1368,1310,-58,1850,1910,60
2014-05-20,1477,1370,-107,1860,1940,80
2014-05-21,1474,1430,-44,1950,1960,10
2014-05-22,1415,1400,-15,1860,1920,60
2014-05-23,1428,1350,-78,1860,1820,-40
2014-05-24,1081,1100,19,1650,1560,-90
2014-05-25,1134,1060,-74,1530,1430,-100
2014-05-26,1147,1040,-107,1750,1780,30
2014-05-27,1198,1060,-138,1820,1850,30
2014-05-28,1244,1080,-164,1910,1880,-30
2014-05-29,1382,1110,-272,1870,1860,-10
2014-05-30,1365,1130,-235,1900,1940,40
2014-05-31,1468,1140,-328,1860,1840,-20
2014-06-01,1312,1110,-202,1640,1630,-10
2014-06-02,1221,1090,-131,1590,1740,150
2014-06-03,1212,1090,-122,1700,1770,70
2014-06-04,1204,1080,-124,1750,1800,50
2014-06-05,1352,1110,-242,1730,1740,10
2014-06-06,1268,1110,-158,1750,1730,-20
2014-06-07,1348,1120,-228,1750,1790,40
2014-06-08,1332,1110,-222,1720,1780,60
2014-06-09,1284,1120,-164,1880,1910,30
2014-06-10,1294,1120,-174,1900,1980,80
2014-06-11,1245,1090,-155,1950,1980,30
2014-06-12,1341,1110,-231,1940,1970,30
2014-06-13,1305,1120,-185,1900,1970,70
2014-06-14,1342,1120,-222,1930,1940,10
2014-06-15,1282,1130,-152,1700,1750,50
2014-06-16,1255,1170,-85,1930,1950,20
2014-06-17,1063,1060,-3,1990,2050,60
2014-06-18,1220,1050,-170,2000,1990,-10
2014-06-19,1292,1070,-222,1990,2000,10
2014-06-20,1283,1080,-203,1950,2070,120
2014-06-21,1369,1120,-249,1900,1990,90
2014-06-22,1450,1140,-310,1850,1920,70
2014-06-23,1447,1140,-307,1980,2070,90
2014-06-24,1475,1140,-335,2090,2160,70
2014-06-25,1392,1130,-262,2090,2090,0
2014-06-26,1469,1150,-319,2020,2030,10
2014-06-27,1400,1120,-280,1990,1940,-50
2014-06-28,1350,1120,-230,1820,1760,-60
2014-06-29,1288,1110,-178,1780,1800,20
2014-06-30,1272,1100,-172,1920,2010,90
2014-07-01,1376,1250,-126,2050,2090,40
2014-07-02,1281,1230,-51,2060,2090,30
2014-07-03,1330,1250,-80,1990,2010,20
2014-07-04,1414,1310,-104,1980,1940,-40
2014-07-05,1298,1250,-48,1800,1870,70
2014-07-06,1194,1130,-64,1790,1810,20
2014-07-07,1110,1110,0,1850,1850,0
2014-07-08,1270,1190,-80,1750,1770,20
2014-07-09,1275,1190,-85,1800,1760,-40
2014-07-10,1266,1240,-26,1900,1930,30
2014-07-11,1168,1120,-48,1940,1990,50
2014-07-12,1160,1040,-120,1910,1820,-90
2014-07-13,1053,988,-65,1900,1660,-240
2014-07-14,1106,1070,-36,1700,1720,20
2014-07-15,1193,1130,-63,1820,1850,30
2014-07-16,1310,1200,-110,1860,1870,10
2014-07-17,1271,1210,-61,1930,1960,30
2014-07-18,1371,1300,-71,1990,1990,0
2014-07-19,1380,1290,-90,1900,1900,0
2014-07-20,1300,1230,-70,1620,1660,40
2014-07-21,1223,1150,-73,1860,1840,-20
2014-07-22,1370,1230,-140,1820,1900,80
2014-07-23,1380,1300,-80,1890,1930,40
2014-07-24,1451,1310,-141,1880,1840,-40
2014-07-25,1417,1350,-67,1900,1940,40
2014-07-26,1393,1320,-73,1890,1900,10
2014-07-27,1387,1230,-157,1660,1600,-60
2014-07-28,1381,1250,-131,1770,1860,90
2014-07-29,1380,1320,-60,1800,1890,90
2014-07-30,1390,1390,0,1650,1690,40
2014-07-31,1436,1390,-46,1730,1660,-70
2014-08-01,1250,1270,20,1890,1880,-10
2014-08-02,1415,1310,-105,1780,1820,40
2014-08-03,1365,1180,-185,1430,1100,-330
2014-08-04,771,836,65,690,722,32
2014-08-05,1082,965,-117,750,784,34
2014-08-06,1119,1020,-99,1000,1020,20
2014-08-07,1127,1020,-107,970,1200,230
2014-08-08,1014,982,-32,1200,1230,30
2014-08-09,1025,952,-73,1300,1340,40
2014-08-10,943,885,-58,1350,1400,50
2014-08-11,1035,919,-116,1760,1780,20
2014-08-12,1243,1130,-113,1880,1880,0
2014-08-13,1135,1060,-75,1840,1690,-150
2014-08-14,1074,981,-93,1500,1570,70
2014-08-15,973,917,-56,1520,1510,-10
2014-08-16,814,812,-2,1540,1530,-10
2014-08-17,984,897,-87,1350,1480,130
2014-08-18,1118,1020,-98,1400,1480,80
2014-08-19,1157,1100,-57,1380,1400,20
2014-08-20,1103,1050,-53,1380,1280,-100
2014-08-21,1184,1070,-114,1150,1010,-140
2014-08-22,1116,1050,-66,650,664,14
2014-08-23,1083,1030,-53,510,567,57
2014-08-24,1205,1120,-85,520,538,18
2014-08-25,1149,1080,-69,750,769,19
2014-08-26,1008,986,-22,1000,1070,70
2014-08-27,1034,960,-74,1350,1310,-40
2014-08-28,940,881,-59,1550,1550,0
2014-08-29,1045,926,-119,1630,1690,60
2014-08-30,1123,1030,-93,1740,1790,50
2014-08-31,1098,1050,-48,1700,1680,-20
2014-09-01,993,974,-19,1500,1520,20
2014-09-02,1218,1120,-98,1500,1470,-30
2014-09-03,1368,1200,-168,1700,1690,-10
2014-09-04,1382,1280,-102,1750,1780,30
2014-09-05,1309,1280,-29,1760,1800,40
2014-09-06,1199,1170,-29,1650,1740,90
2014-09-07,1148,1090,-58,1400,1440,40
2014-09-08,1091,991,-100,1680,1640,-40
2014-09-09,870,806,-64,1600,1450,-150
2014-09-10,634,671,37,950,949,-1
2014-09-11,649,595,-54,1100,1130,30
2014-09-12,661,616,-45,1130,1120,-10
2014-09-13,622,605,-17,1260,1270,10
2014-09-14,708,639,-69,1200,1250,50
2014-09-15,830,682,-148,1300,1300,0
2014-09-16,760,660,-100,1600,1480,-120
2014-09-17,653,610,-43,1380,1440,60
2014-09-18,714,645,-69,1450,1490,40
2014-09-19,884,666,-218,1580,1620,40
2014-09-20,934,670,-264,1630,1700,70
2014-09-21,771,719,-52,1420,1480,60
2014-09-22,812,724,-88,1540,1480,-60
2014-09-23,940,725,-215,1580,1620,40
2014-09-24,902,731,-171,1480,1580,100
2014-09-25,898,821,-77,1580,1540,-40
2014-09-26,767,755,-12,1490,1450,-40
2014-09-27,964,827,-137,1550,1550,0
2014-09-28,1026,862,-164,1420,1530,110
2014-09-29,978,886,-92,1580,1610,30
2014-09-30,1063,919,-144,1430,1400,-30
2014-10-01,1063,988,-75,1520,1510,-10
2014-10-02,914,929,15,1480,1450,-30
2014-10-03,883,849,-34,1200,1170,-30
2014-10-04,760,722,-38,1090,1150,60
2014-10-05,847,809,-38,1010,850,-160
2014-10-06,815,775,-40,1010,1040,30
2014-10-07,882,798,-84,1120,1170,50
2014-10-08,642,625,-17,1250,1170,-80
2014-10-09,622,591,-31,1250,1220,-30
2014-10-10,634,557,-77,1130,1150,20
2014-10-11,615,573,-42,1070,1150,80
2014-10-12,0,588,588,980,966,-14
2014-10-13,711,677,-34,950,1110,160
2014-10-14,710,682,-28,1050,1090,40
2014-10-15,858,809,-49,1060,1180,120
2014-10-16,1005,912,-93,1180,1230,50
2014-10-17,1020,930,-90,1100,1100,0
2014-10-18,840,817,-23,970,935,-35
2014-10-19,820,756,-64,910,960,50
2014-10-20,745,715,-30,1220,1190,-30
2014-10-21,852,786,-66,1110,1130,20
2014-10-22,843,807,-36,1100,1090,-10
2014-10-23,1027,905,-122,1140,1120,-20
2014-10-24,822,819,-3,1250,1260,10
2014-10-25,808,735,-73,1200,1180,-20
2014-10-26,674,651,-23,890,887,-3
2014-10-27,608,567,-41,800,923,123
2014-10-28,785,684,-101,1090,1100,10
2014-10-29,774,736,-38,990,981,-9
2014-10-30,726,703,-23,1000,1090,90
2014-10-31,675,660,-15,950,948,-2
2014-11-01,607,621,14,950,969,19
2014-11-02,0,581,581,830,822,-8
2014-11-03,658,638,-20,1040,992,-48
2014-11-04,779,726,-53,1100,1080,-20
2014-11-05,840,758,-82,1000,1070,70
2014-11-06,845,807,-38,1220,1150,-70
2014-11-07,893,828,-65,990,1040,50
2014-11-08,896,814,-82,880,923,43
2014-11-09,602,560,-42,700,663,-37
2014-11-10,552,499,-53,900,927,27
2014-11-11,458,456,-2,860,932,72
2014-11-12,563,500,-63,950,944,-6
2014-11-13,498,498,0,920,914,-6
2014-11-14,568,519,-49,880,897,17
2014-11-15,562,542,-20,850,835,-15
2014-11-16,550,537,-13,700,710,10
2014-11-17,600,538,-62,690,700,10
2014-11-18,575,516,-59,670,682,12
2014-11-19,650,608,-42,820,813,-7
2014-11-20,675,627,-48,730,696,-34
2014-11-21,620,598,-22,700,731,31
2014-11-22,502,519,17,710,726,16
2014-11-23,440,450,10,680,729,49
2014-11-24,510,459,-51,840,825,-15
2014-11-25,528,483,-45,900,944,44
2014-11-26,480,453,-27,880,879,-1
2014-11-27,480,414,-66,490,546,56
2014-11-28,501,458,-43,620,700,80
2014-11-29,562,530,-32,620,655,35
2014-11-30,547,501,-46,700,644,-56
2014-12-01,610,542,-68,820,789,-31
2014-12-02,600,533,-67,800,833,33
2014-12-03,510,476,-34,850,842,-8
2014-12-04,490,424,-66,840,865,25
2014-12-05,454,423,-31,800,843,43
2014-12-06,491,463,-28,700,771,71
2014-12-07,475,452,-23,750,744,-6
2014-12-08,562,498,-64,760,763,3
2014-12-09,560,485,-75,770,776,6
2014-12-10,550,485,-65,790,794,4
2014-12-11,630,537,-93,890,906,16
2014-12-12,500,472,-28,820,860,40
2014-12-13,500,423,-77,710,738,28
2014-12-14,480,404,-76,590,624,34
2014-12-15,450,405,-45,480,510,30
2014-12-16,450,405,-45,550,563,13
2014-12-17,450,404,-46,400,404,4
2014-12-18,450,405,-45,350,349,-1
2014-12-19,450,405,-45,350,399,49
2014-12-20,330,404,74,400,494,94
2014-12-21,520,387,-133,350,416,66
2014-12-22,500,468,-32,540,549,9
2014-12-23,500,500,0,590,612,22
2014-12-24,500,419,-81,330,530,200
2014-12-25,500,394,-106,360,366,6
2014-12-26,500,394,-106,800,741,-59
2014-12-27,600,481,-119,930,979,49
2014-12-28,750,597,-153,960,1040,80
2014-12-29,783,668,-115,1130,1140,10
2014-12-30,886,819,-67,1220,1190,-30
2014-12-31,830,745,-85,850,899,49
2015-01-01,750,700,-50,300,421,121
2015-01-02,800,723,-77,0,15,15
2015-01-03,750,677,-73,0,0,0
2015-01-04,0,0,0,0,0,0
2015-01-05,0,0,0,0,0,0
2015-01-06,0,0,0,0,0,0
2015-01-07,0,0,0,0,0,0
2015-01-08,0,0,0,0,0,0
2015-01-09,0,0,0,0,0,0
2015-01-10,0,0,0,0,0,0
2015-01-11,0,0,0,0,0,0
2015-01-12,0,0,0,150,87,-63
2015-01-13,0,0,0,500,520,20
2015-01-14,0,0,0,320,498,178
2015-01-15,0,0,0,770,809,39
2015-01-16,0,0,0,860,958,98
2015-01-17,0,185,185,790,908,118
2015-01-18,0,532,532,800,917,117
2015-01-19,823,751,-72,1000,1160,160
2015-01-20,994,958,-36,1140,1290,150
2015-01-21,1124,1020,-104,1250,1330,80
2015-01-22,1130,1050,-80,1000,1210,210
2015-01-23,1274,1080,-194,1150,1170,20
2015-01-24,1086,1150,64,1100,1180,80
2015-01-25,0,1030,1030,1000,1010,10
2015-01-26,989,937,-52,910,869,-41
2015-01-27,861,835,-26,700,838,138
2015-01-28,800,779,-21,800,890,90
2015-01-29,680,684,4,700,796,96
2015-01-30,491,464,-27,520,567,47
2015-01-31,324,402,78,460,521,61
2015-02-01,400,373,-27,290,391,101
2015-02-02,398,371,-27,400,496,96
2015-02-03,400,370,-30,430,509,79
2015-02-04,400,368,-32,550,555,5
2015-02-05,321,366,45,520,580,60
2015-02-06,400,371,-29,700,760,60
2015-02-07,400,371,-29,750,773,23
2015-02-08,480,451,-29,650,683,33
2015-02-09,452,455,3,850,895,45
2015-02-10,580,538,-42,930,993,63
2015-02-11,682,668,-14,1200,1200,0
2015-02-12,875,783,-92,1280,1290,10
2015-02-13,830,784,-46,1140,1280,140
2015-02-14,709,708,-1,1200,1270,70
2015-02-15,802,738,-64,1070,1140,70
2015-02-16,926,834,-92,1020,1190,170
2015-02-17,1010,927,-83,1080,1190,110
2015-02-18,922,899,-23,1140,1170,30
2015-02-19,1106,1000,-106,1020,1070,50
2015-02-20,1188,1050,-138,950,1070,120
2015-02-21,1081,1010,-71,920,967,47
2015-02-22,875,810,-65,730,800,70
2015-02-23,843,757,-86,1060,1070,10
2015-02-24,753,719,-34,990,1030,40
2015-02-25,804,760,-44,900,995,95
2015-02-26,784,739,-45,910,1020,110
2015-02-27,750,701,-49,920,1050,130
2015-02-28,672,640,-32,970,1090,120
2015-03-01,504,493,-11,550,614,64
2015-03-02,280,392,112,320,389,69
2015-03-03,400,365,-35,250,315,65
2015-03-04,400,395,-5,420,462,42
2015-03-05,550,414,-136,370,472,102
2015-03-06,510,469,-41,480,539,59
2015-03-07,420,451,31,600,639,39
2015-03-08,499,474,-25,570,646,76
2015-03-09,625,556,-69,1100,1060,-40
2015-03-10,609,584,-25,1200,1200,0
2015-03-11,822,742,-80,1250,1340,90
2015-03-12,1084,1000,-84,1380,1440,60
2015-03-13,1017,964,-53,1320,1390,70
2015-03-14,903,871,-32,1150,1250,100
2015-03-15,781,764,-17,1130,1140,10
2015-03-16,755,761,6,1110,1150,40
2015-03-17,855,807,-48,1150,1220,70
2015-03-18,965,886,-79,1180,1180,0
2015-03-19,887,878,-9,1100,1160,60
2015-03-20,800,760,-40,1175,1240,65
2015-03-21,784,733,-51,1100,1130,30
2015-03-22,738,707,-31,1050,1100,50
2015-03-23,1027,899,-128,1400,1430,30
2015-03-24,939,907,-32,1520,1500,-20
2015-03-25,1144,1060,-84,1560,1570,10
2015-03-26,1224,1200,-24,1650,1670,20
2015-03-27,1452,1350,-102,1740,1620,-120
2015-03-28,1370,1310,-60,1650,1610,-40
2015-03-29,1349,1290,-59,1500,1460,-40
2015-03-30,1243,1210,-33,1590,1490,-100
2015-03-31,1136,1110,-26,1400,1440,40
2015-04-01,1188,1160,-28,1450,1380,-70
2015-04-02,1154,1140,-14,1660,1490,-170
2015-04-03,1265,1200,-65,1660,1550,-110
2015-04-04,1263,1270,7,1450,1570,120
2015-04-05,1164,1130,-34,1800,1350,-450
2015-04-06,1185,1130,-55,1640,1690,50
2015-04-07,1221,1180,-41,1850,1840,-10
2015-04-08,1348,1260,-88,1840,1800,-40
2015-04-09,1400,1310,-90,1590,1620,30
2015-04-10,1302,1310,8,1550,1500,-50
2015-04-11,1324,1230,-94,1350,1260,-90
2015-04-12,1135,1110,-25,1150,1160,10
2015-04-13,1238,1180,-58,1620,1580,-40
2015-04-14,1346,1280,-66,1580,1640,60
2015-04-15,1229,1180,-49,1640,1590,-50
2015-04-16,1079,1050,-29,1720,1700,-20
2015-04-17,1067,999,-68,1600,1710,110
2015-04-18,1100,1010,-90,1500,1550,50
2015-04-19,1084,999,-85,1410,1370,-40
2015-04-20,1153,1060,-93,1680,1630,-50
2015-04-21,1129,1100,-29,1660,1640,-20
2015-04-22,1257,1220,-37,1420,1500,80
2015-04-23,1291,1230,-61,1630,1660,30
2015-04-24,1247,1200,-47,1740,1730,-10
2015-04-25,1207,1180,-27,1550,1600,50
2015-04-26,1196,1130,-66,1350,1390,40
2015-04-27,1242,1170,-72,1770,1760,-10
2015-04-28,1138,1080,-58,1720,1680,-40
2015-04-29,1361,1210,-151,1550,1490,-60
2015-04-30,1357,1240,-117,1780,1710,-70
2015-05-01,1400,1270,-130,1740,1800,60
2015-05-02,1310,1240,-70,1620,1660,40
2015-05-03,980,1210,230,1660,1510,-150
2015-05-04,1120,1180,60,1700,1650,-50
2015-05-05,952,1150,198,1600,1630,30
2015-05-06,1050,1120,70,1640,1670,30
2015-05-07,1195,1100,-95,1600,1660,60
2015-05-08,1197,1110,-87,1480,1430,-50
2015-05-09,1203,1090,-113,1650,1520,-130
2015-05-10,1075,1020,-55,1200,1260,60
2015-05-11,1096,996,-100,1490,1380,-110
2015-05-12,1069,984,-85,1370,1430,60
2015-05-13,1061,943,-118,1580,1480,-100
2015-05-14,1061,899,-162,1340,1350,10
2015-05-15,890,822,-68,1380,1330,-50
2015-05-16,811,763,-48,900,1030,130
2015-05-17,845,780,-65,980,860,-120
2015-05-18,869,828,-41,1100,1110,10
2015-05-19,950,884,-66,1250,1350,100
2015-05-20,1050,942,-108,1450,1470,20
2015-05-21,933,879,-54,1480,1540,60
2015-05-22,960,838,-122,1450,1540,90
2015-05-23,943,801,-142,1340,1330,-10
2015-05-24,795,770,-25,1060,1010,-50
2015-05-25,904,838,-66,1340,1270,-70
2015-05-26,1017,951,-66,1470,1480,10
2015-05-27,1181,1090,-91,1490,1550,60
2015-05-28,1259,1110,-149,1620,1640,20
2015-05-29,1195,1150,-45,1640,1640,0
2015-05-30,1230,1140,-90,1570,1590,20
2015-05-31,1180,1180,0,1500,1540,40
2015-06-01,1301,1270,-31,1640,1690,50
2015-06-02,1278,1250,-28,1740,1740,0
2015-06-03,1380,1280,-100,1740,1900,160
2015-06-04,1312,1220,-92,1900,1720,-180
2015-06-05,1294,1210,-84,1690,1730,40
2015-06-06,1226,1160,-66,1520,1530,10
2015-06-07,1099,983,-116,1480,1440,-40
2015-06-08,1137,1040,-97,1500,1560,60
2015-06-09,1227,1120,-107,1540,1550,10
2015-06-10,1232,1150,-82,1650,1580,-70
2015-06-11,1132,1060,-72,1650,1610,-40
2015-06-12,1119,1060,-59,1660,1690,30
2015-06-13,1166,1100,-66,1720,1760,40
2015-06-14,1106,1050,-56,1500,1520,20
2015-06-15,1080,1050,-30,1670,1700,30
2015-06-16,1290,1200,-90,1650,1570,-80
2015-06-17,1200,1180,-20,1580,1610,30
2015-06-18,1170,1120,-50,1600,1670,70
2015-06-19,1168,1160,-8,1630,1650,20
2015-06-20,1199,1180,-19,1610,1630,20
2015-06-21,1353,1230,-123,1250,1500,250
2015-06-22,1223,1180,-43,1600,1650,50
2015-06-23,1050,998,-52,1630,1650,20
2015-06-24,1212,1080,-132,1750,1760,10
2015-06-25,1123,1050,-73,1720,1720,0
2015-06-26,1170,1100,-70,1660,1660,0
2015-06-27,1111,1020,-91,1520,1540,20
2015-06-28,938,854,-84,1340,1350,10
2015-06-29,1035,939,-96,1560,1610,50
2015-06-30,1119,1060,-59,1620,1650,30
2015-07-01,1265,1140,-125,1700,1750,50
2015-07-02,1187,1100,-87,1680,1720,40
2015-07-03,1173,1090,-83,1700,1810,110
2015-07-04,1244,1140,-104,1690,1670,-20
2015-07-05,1131,1080,-51,1380,1410,30
2015-07-06,1143,947,-196,1600,1590,-10
2015-07-07,940,887,-53,1720,1800,80
2015-07-08,1196,1130,-66,1810,1870,60
2015-07-09,1202,1150,-52,1820,1820,0
2015-07-10,1387,1320,-67,1950,1960,10
2015-07-11,1381,1360,-21,1760,1710,-50
2015-07-12,1299,1290,-9,1430,1450,20
2015-07-13,1112,1070,-42,1690,1660,-30
2015-07-14,1057,1030,-27,1780,1800,20
2015-07-15,1228,1130,-98,1770,1830,60
2015-07-16,1285,1220,-65,1810,1860,50
2015-07-17,1276,1210,-66,1750,1760,10
2015-07-18,1162,1110,-52,1700,1710,10
2015-07-19,1076,1050,-26,1825,1410,-415
2015-07-20,910,918,8,1270,1290,20
2015-07-21,1141,1050,-91,1400,1440,40
2015-07-22,1127,1100,-27,1550,1490,-60
2015-07-23,1070,1020,-50,1540,1550,10
2015-07-24,1174,1050,-124,1500,1530,30
2015-07-25,923,883,-40,1460,1480,20
2015-07-26,988,939,-49,1170,1280,110
2015-07-27,955,913,-42,1440,1510,70
2015-07-28,946,930,-16,1620,1650,30
2015-07-29,1015,952,-63,1760,1740,-20
2015-07-30,1115,1090,-25,1520,1470,-50
2015-07-31,1112,1020,-92,1410,1410,0
2015-08-01,1168,1080,-88,1410,1440,30
2015-08-02,1150,1100,-50,1310,1330,20
2015-08-03,1141,1130,-11,1420,1430,10
2015-08-04,1171,1150,-21,1500,1530,30
2015-08-05,1127,1120,-7,1630,1600,-30
2015-08-06,1080,1070,-10,1720,1690,-30
2015-08-07,1170,1110,-60,1580,1540,-40
2015-08-08,1081,1070,-11,1510,1530,20
2015-08-09,1149,1070,-79,1240,1330,90
2015-08-10,1184,1140,-44,1550,1440,-110
2015-08-11,1160,1110,-50,1470,1520,50
2015-08-12,1144,1060,-84,1580,1540,-40
2015-08-13,1033,989,-44,1760,1810,50
2015-08-14,1151,1050,-101,1740,1720,-20
2015-08-15,1199,1110,-89,1640,1640,0
2015-08-16,1219,1130,-89,1380,1450,70
2015-08-17,1441,1180,-261,1730,1770,40
2015-08-18,1190,1180,-10,1710,1750,40
2015-08-19,1324,1170,-154,1750,1740,-10
2015-08-20,1312,1160,-152,1680,1710,30
2015-08-21,1151,1070,-81,1650,1630,-20
2015-08-22,1151,1080,-71,1340,1610,270
2015-08-23,1100,1050,-50,1360,1480,120
2015-08-24,1103,1000,-103,1500,1580,80
2015-08-25,1082,1040,-42,1410,1540,130
2015-08-26,1271,1130,-141,1350,1410,60
2015-08-27,1272,1080,-192,1620,1570,-50
2015-08-28,1039,957,-82,1350,1390,40
2015-08-29,900,852,-48,1320,1350,30
2015-08-30,999,919,-80,1120,1240,120
2015-08-31,968,906,-62,1520,1500,-20
2015-09-01,1033,933,-100,1530,1480,-50
2015-09-02,882,863,-19,1500,1490,-10
2015-09-03,944,856,-88,1440,1440,0
2015-09-04,894,827,-67,1360,1460,100
2015-09-05,779,737,-42,1320,1390,70
2015-09-06,712,702,-10,1320,1230,-90
2015-09-07,838,781,-57,1450,1500,50
2015-09-08,1001,867,-134,1420,1450,30
2015-09-09,1160,990,-170,1350,1460,110
2015-09-10,1180,1000,-180,1250,1380,130
2015-09-11,1088,988,-100,1360,1410,50
2015-09-12,1012,976,-36,1350,1360,10
2015-09-13,978,930,-48,1170,1200,30
2015-09-14,906,877,-29,1390,1390,0
2015-09-15,1006,939,-67,1250,1370,120
2015-09-16,914,876,-38,1350,1530,180
2015-09-17,709,707,-2,1480,1440,-40
2015-09-18,898,721,-177,1320,1290,-30
2015-09-19,744,696,-48,1180,1190,10
2015-09-20,729,684,-45,1080,1140,60
2015-09-21,709,682,-27,1250,1250,0
2015-09-22,639,627,-12,1000,1030,30
2015-09-23,659,634,-25,1000,1080,80
2015-09-24,674,637,-37,1000,1150,150
2015-09-25,734,689,-45,900,1290,390
2015-09-26,976,863,-113,910,1210,300
2015-09-27,988,948,-40,750,915,165
2015-09-28,932,845,-87,1100,1160,60
2015-09-29,914,854,-60,1120,1140,20
2015-09-30,914,817,-97,1190,1340,150
2015-10-01,753,710,-43,1050,1410,360
2015-10-02,761,724,-37,1275,1380,105
2015-10-03,718,681,-37,1090,1140,50
2015-10-04,679,647,-32,900,911,11
2015-10-05,610,582,-28,1100,1120,20
2015-10-06,665,607,-58,1250,1260,10
2015-10-07,569,543,-26,1120,1240,120
2015-10-08,548,527,-21,900,1050,150
2015-10-09,598,547,-51,850,939,89
2015-10-10,564,524,-40,800,824,24
2015-10-11,454,466,12,700,780,80
2015-10-12,605,540,-65,900,1050,150
2015-10-13,864,684,-180,890,998,108
2015-10-14,821,706,-115,960,1100,140
2015-10-15,768,708,-60,980,1040,60
2015-10-16,837,764,-73,960,1040,80
2015-10-17,552,594,42,910,1050,140
2015-10-18,444,445,1,900,908,8
2015-10-19,409,429,20,950,990,40
2015-10-20,419,448,29,1000,998,-2
2015-10-21,424,428,4,850,917,67
2015-10-22,421,430,9,820,859,39
2015-10-23,451,456,5,880,830,-50
2015-10-24,568,541,-27,820,881,61
2015-10-25,558,525,-33,820,727,-93
2015-10-26,484,485,1,990,939,-51
2015-10-27,629,546,-83,840,916,76
2015-10-28,674,554,-120,850,929,79
2015-10-29,496,519,23,850,857,7
2015-10-30,495,490,-5,950,1060,110
2015-10-31,507,492,-15,800,841,41
2015-11-01,598,562,-36,700,736,36
2015-11-02,567,589,22,960,1020,60
2015-11-03,781,711,-70,980,1030,50
2015-11-04,724,658,-66,1100,1110,10
2015-11-05,597,574,-23,1250,1210,-40
2015-11-06,700,626,-74,1160,1210,50
2015-11-07,584,528,-56,950,1000,50
2015-11-08,548,509,-39,920,907,-13
2015-11-09,497,486,-11,1000,968,-32
2015-11-10,531,485,-46,1050,1050,0
2015-11-11,618,541,-77,960,940,-20
2015-11-12,533,497,-36,800,877,77
2015-11-13,519,519,0,950,1070,120
2015-11-14,537,518,-19,900,896,-4
2015-11-15,540,523,-17,600,630,30
2015-11-16,570,510,-60,760,932,172
2015-11-17,509,479,-30,790,880,90
2015-11-18,560,495,-65,950,812,-138
2015-11-19,432,462,30,950,900,-50
2015-11-20,593,536,-57,950,807,-143
2015-11-21,690,619,-71,640,659,19
2015-11-22,583,565,-18,560,575,15
2015-11-23,617,558,-59,690,721,31
2015-11-24,539,515,-24,780,708,-72
2015-11-25,508,444,-64,590,644,54
2015-11-26,356,378,22,580,391,-189
2015-11-27,501,442,-59,350,618,268
2015-11-28,540,487,-53,450,710,260
2015-11-29,432,428,-4,550,559,9
2015-11-30,491,453,-38,650,801,151
2015-12-01,535,509,-26,800,891,91
2015-12-02,623,544,-79,900,923,23
2015-12-03,506,463,-43,910,853,-57
2015-12-04,411,447,36,900,921,21
2015-12-05,577,523,-54,900,711,-189
2015-12-06,548,507,-41,480,473,-7
2015-12-07,615,554,-61,650,653,3
2015-12-08,503,502,-1,650,674,24
2015-12-09,541,511,-30,680,649,-31
2015-12-10,495,495,0,500,547,47
2015-12-11,392,423,31,530,599,69
2015-12-12,315,376,61,400,479,79
2015-12-13,421,379,-42,320,369,49
2015-12-14,388,383,-5,600,600,0
2015-12-15,398,376,-22,640,737,97
2015-12-16,374,422,48,800,828,28
2015-12-17,442,413,-29,780,879,99
2015-12-18,528,470,-58,800,806,6
2015-12-19,411,574,163,800,857,57
2015-12-20,638,649,11,660,691,31
2015-12-21,891,794,-97,1000,1110,110
2015-12-22,764,746,-18,1050,1120,70
2015-12-23,725,716,-9,800,940,140
2015-12-24,665,617,-48,520,603,83
2015-12-25,618,544,-74,320,356,36
2015-12-26,545,530,-15,550,591,41
2015-12-27,770,682,-88,550,583,33
2015-12-28,943,819,-124,1000,958,-42
2015-12-29,852,783,-69,1200,1050,-150
2015-12-30,682,618,-64,1000,1080,80
2015-12-31,477,303,-174,500,605,105
2016-01-01,0,3,3,0,9,9
2016-01-02,0,0,0,0,0,0
2016-01-03,0,0,0,0,0,0
2016-01-04,0,0,0,0,0,0
2016-01-05,0,0,0,0,0,0
2016-01-06,0,0,0,0,0,0
2016-01-07,0,0,0,0,0,0
2016-01-08,0,0,0,0,0,0
2016-01-09,0,0,0,0,0,0
2016-01-10,0,0,0,0,0,0
2016-01-11,0,0,0,0,0,0
2016-01-12,0,0,0,0,0,0
2016-01-13,0,0,0,150,12,-138
2016-01-14,0,0,0,710,568,-142
2016-01-15,0,0,0,420,476,56
2016-01-16,400,0,-400,670,687,17
2016-01-17,400,248,-152,460,478,18
2016-01-18,400,309,-91,460,519,59
2016-01-19,500,406,-94,580,622,42
2016-01-20,550,489,-61,600,698,98
2016-01-21,612,566,-46,720,731,11
2016-01-22,521,513,-8,630,676,46
2016-01-23,460,469,9,600,709,109
2016-01-24,470,470,0,550,634,84
2016-01-25,495,461,-34,700,690,-10
2016-01-26,503,490,-13,700,726,26
2016-01-27,522,495,-27,800,884,84
2016-01-28,564,543,-21,850,916,66
2016-01-29,705,624,-81,980,1070,90
2016-01-30,580,555,-25,910,978,68
2016-01-31,570,521,-49,880,826,-54
2016-02-01,610,560,-50,1030,1040,10
2016-02-02,687,620,-67,960,964,4
2016-02-03,838,726,-112,890,902,12
2016-02-04,891,802,-89,800,772,-28
2016-02-05,865,761,-104,1000,899,-101
2016-02-06,620,615,-5,780,792,12
2016-02-07,568,583,15,700,634,-66
2016-02-08,676,629,-47,700,670,-30
2016-02-09,866,763,-103,700,656,-44
2016-02-10,850,765,-85,650,711,61
2016-02-11,800,722,-78,900,848,-52
2016-02-12,667,658,-9,840,829,-11
2016-02-13,656,613,-43,730,737,7
2016-02-14,855,774,-81,560,590,30
2016-02-15,903,852,-51,600,636,36
2016-02-16,896,847,-49,580,597,17
2016-02-17,1080,972,-108,590,618,28
2016-02-18,1034,949,-85,880,780,-100
2016-02-19,871,844,-27,780,778,-2
2016-02-20,720,726,6,780,801,21
2016-02-21,575,564,-11,660,659,-1
2016-02-22,620,586,-34,940,871,-69
2016-02-23,608,601,-7,800,871,71
2016-02-24,717,661,-56,1000,866,-134
2016-02-25,850,744,-106,900,914,14
2016-02-26,708,663,-45,910,909,-1
2016-02-27,638,622,-16,750,887,137
2016-02-28,752,705,-47,780,808,28
2016-02-29,810,748,-62,780,781,1
2016-03-01,935,865,-70,770,798,28
2016-03-02,973,873,-100,790,805,15
2016-03-03,778,753,-25,910,927,17
2016-03-04,678,646,-32,950,995,45
2016-03-05,777,721,-56,1040,1040,0
2016-03-06,726,668,-58,1000,980,-20
2016-03-07,630,607,-23,1000,984,-16
2016-03-08,646,602,-44,1000,983,-17
2016-03-09,788,734,-54,1100,1060,-40
2016-03-10,990,899,-91,1100,1140,40
2016-03-11,958,876,-82,1320,1170,-150
2016-03-12,918,833,-85,1200,1160,-40
2016-03-13,875,821,-54,820,886,66
2016-03-14,921,848,-73,930,1030,100
2016-03-15,879,825,-54,1020,1020,0
2016-03-16,896,826,-70,960,993,33
2016-03-17,1180,1080,-100,980,960,-20
2016-03-18,1164,1110,-54,1060,1150,90
2016-03-19,1154,1060,-94,1050,1010,-40
2016-03-20,1017,938,-79,950,922,-28
2016-03-21,1178,1100,-78,1040,1110,70
2016-03-22,1178,1100,-78,1100,1110,10
2016-03-23,1102,1030,-72,1250,1220,-30
2016-03-24,974,988,14,1240,1270,30
2016-03-25,1126,1050,-76,1270,1200,-70
2016-03-26,1208,1120,-88,1250,1030,-220
2016-03-27,1055,1020,-35,640,650,10
2016-03-28,1191,1090,-101,1100,903,-197
2016-03-29,1187,1100,-87,930,1030,100
2016-03-30,1091,1020,-71,1000,1050,50
2016-03-31,1069,991,-78,990,1030,40
2016-04-01,1049,995,-54,1040,1010,-30
2016-04-02,993,894,-99,1100,1110,10
2016-04-03,832,793,-39,950,1020,70
2016-04-04,972,895,-77,1200,1130,-70
2016-04-05,986,897,-89,1150,1030,-120
2016-04-06,1166,1040,-126,1220,1240,20
2016-04-07,1200,1090,-110,1310,1300,-10
2016-04-08,1018,986,-32,1320,1230,-90
2016-04-09,957,876,-81,940,967,27
2016-04-10,737,745,8,720,754,34
2016-04-11,836,738,-98,780,765,-15
2016-04-12,929,851,-78,950,860,-90
2016-04-13,897,824,-73,1000,944,-56
2016-04-14,988,902,-86,970,1030,60
2016-04-15,908,848,-60,920,971,51
2016-04-16,790,763,-27,1000,971,-29
2016-04-17,825,731,-94,860,862,2
2016-04-18,680,639,-41,1270,1270,0
2016-04-19,913,781,-132,1350,1350,0
2016-04-20,1029,890,-139,1310,1370,60
2016-04-21,1095,1010,-85,1440,1350,-90
2016-04-22,1159,1100,-59,1380,1390,10
2016-04-23,1038,1040,2,1340,1340,0
2016-04-24,1137,1050,-87,1220,1180,-40
2016-04-25,1110,1070,-40,1190,1290,100
2016-04-26,1152,1090,-62,1400,1390,-10
2016-04-27,1270,1200,-70,1520,1380,-140
2016-04-28,1182,1200,18,1410,1350,-60
2016-04-29,1307,1220,-87,1220,1170,-50
2016-04-30,1201,1140,-61,1020,1170,150
2016-05-01,1146,1080,-66,900,1020,120
2016-05-02,1232,1140,-92,1370,1330,-40
2016-05-03,1193,1090,-103,1340,1320,-20
2016-05-04,1174,1080,-94,1440,1430,-10
2016-05-05,1205,1130,-75,1590,1550,-40
2016-05-06,1172,1120,-52,1450,1440,-10
2016-05-07,1100,1060,-40,1470,1380,-90
2016-05-08,1137,1060,-77,1010,1050,40
2016-05-09,1215,1110,-105,1580,1450,-130
2016-05-10,1144,1100,-44,1570,1520,-50
2016-05-11,1251,1140,-111,1640,1630,-10
2016-05-12,1405,1330,-75,1630,1570,-60
2016-05-13,1254,1200,-54,1520,1450,-70
2016-05-14,1141,1070,-71,1490,1390,-100
2016-05-15,1078,996,-82,1100,1140,40
2016-05-16,1116,985,-131,1450,1470,20
2016-05-17,1093,987,-106,1460,1640,180
2016-05-18,1084,975,-109,1400,1520,120
2016-05-19,1011,948,-63,1290,1340,50
2016-05-20,1248,1120,-128,1400,1450,50
2016-05-21,1254,1180,-74,1200,1310,110
2016-05-22,1189,1080,-109,1120,1130,10
2016-05-23,1061,1000,-61,1320,1340,20
2016-05-24,1030,944,-86,1330,1370,40
2016-05-25,976,880,-96,1470,1530,60
2016-05-26,933,865,-68,1450,1510,60
2016-05-27,945,873,-72,1560,1580,20
2016-05-28,1108,960,-148,1480,1440,-40
2016-05-29,1206,1100,-106,1220,1190,-30
2016-05-30,1165,1100,-65,1250,1360,110
2016-05-31,1196,1150,-46,1410,1490,80
2016-06-01,1173,1120,-53,1430,1520,90
2016-06-02,1290,1150,-140,1420,1540,120
2016-06-03,1085,1030,-55,1500,1460,-40
2016-06-04,1160,1020,-140,1650,1580,-70
2016-06-05,1230,1130,-100,1510,1360,-150
2016-06-06,1280,1160,-120,1520,1570,50
2016-06-07,1262,1220,-42,1480,1490,10
2016-06-08,1300,1230,-70,1600,1550,-50
2016-06-09,1258,1140,-118,1530,1680,150
2016-06-10,1104,1090,-14,1620,1680,60
2016-06-11,1040,971,-69,1460,1380,-80
2016-06-12,1090,1030,-60,1350,1340,-10
2016-06-13,1240,1100,-140,1520,1520,0
2016-06-14,1079,1050,-29,1640,1610,-30
2016-06-15,1211,1080,-131,1670,1660,-10
2016-06-16,1259,1180,-79,1620,1750,130
2016-06-17,1259,1190,-69,1480,1620,140
2016-06-18,1174,1100,-74,1500,1490,-10
2016-06-19,914,903,-11,1350,1280,-70
2016-06-20,1068,984,-84,1320,1550,230
2016-06-21,1217,1140,-77,1550,1690,140
2016-06-22,1264,1190,-74,1660,1710,50
2016-06-23,1167,1140,-27,1650,1640,-10
2016-06-24,1222,1130,-92,1700,1650,-50
2016-06-25,1129,1080,-49,1625,1600,-25
2016-06-26,1062,1000,-62,1310,1250,-60
2016-06-27,1001,969,-32,1300,1270,-30
2016-06-28,1093,1020,-73,1400,1480,80
2016-06-29,1360,1220,-140,1600,1570,-30
2016-06-30,1394,1300,-94,1780,1840,60
2016-07-01,1191,1150,-41,1600,1750,150
2016-07-02,1189,1140,-49,1590,1570,-20
2016-07-03,1197,1160,-37,800,1170,370
2016-07-04,1310,1180,-130,1250,1290,40
2016-07-05,1307,1210,-97,1540,1450,-90
2016-07-06,1122,1120,-2,1580,1570,-10
2016-07-07,1249,1050,-199,1620,1730,110
2016-07-08,1267,1080,-187,1700,1720,20
2016-07-09,1367,1090,-277,1650,1620,-30
2016-07-10,1300,1110,-190,1560,1440,-120
2016-07-11,1311,1130,-181,1670,1660,-10
2016-07-12,1379,1140,-239,1690,1640,-50
2016-07-13,1379,1170,-209,1580,1660,80
2016-07-14,1365,1180,-185,1650,1720,70
2016-07-15,1308,1190,-118,1760,1770,10
2016-07-16,1208,1180,-28,1700,1720,20
2016-07-17,1250,1160,-90,1500,1570,70
2016-07-18,1235,1120,-115,1660,1740,80
2016-07-19,1210,1100,-110,1830,1620,-210
2016-07-20,1111,1030,-81,1550,1530,-20
2016-07-21,1192,1060,-132,1760,1720,-40
2016-07-22,1280,1150,-130,1690,1760,70
2016-07-23,1142,1110,-32,1400,1570,170
2016-07-24,1119,1030,-89,1400,1380,-20
2016-07-25,1161,1040,-121,1650,1680,30
2016-07-26,1287,1120,-167,1650,1620,-30
2016-07-27,1219,1140,-79,1580,1590,10
2016-07-28,1278,1160,-118,1600,1660,60
2016-07-29,1210,1110,-100,1650,1640,-10
2016-07-30,1005,981,-24,950,1220,270
2016-07-31,934,866,-68,900,1060,160
2016-08-01,1027,893,-134,1700,1480,-220
2016-08-02,950,884,-66,1600,1550,-50
2016-08-03,928,872,-56,1670,1640,-30
2016-08-04,848,810,-38,1850,1740,-110
2016-08-05,689,658,-31,1650,1690,40
2016-08-06,852,673,-179,1560,1620,60
2016-08-07,900,691,-209,1400,1470,70
2016-08-08,998,743,-255,1740,1740,0
2016-08-09,1129,885,-244,1720,1660,-60
2016-08-10,1253,1100,-153,1880,1770,-110
2016-08-11,1281,1150,-131,1800,1740,-60
2016-08-12,1170,1100,-70,1680,1750,70
2016-08-13,1070,1060,-10,1640,1700,60
2016-08-14,1070,1000,-70,1260,1290,30
2016-08-15,1360,1190,-170,1430,1520,90
2016-08-16,1237,1080,-157,1650,1790,140
2016-08-17,1021,1010,-11,1650,1730,80
2016-08-18,1186,1070,-116,1530,1420,-110
2016-08-19,1130,1020,-110,1560,1550,-10
2016-08-20,1032,938,-94,1550,1470,-80
2016-08-21,875,849,-26,1100,1130,30
2016-08-22,980,871,-109,1400,1430,30
2016-08-23,1151,1010,-141,1450,1370,-80
2016-08-24,928,919,-9,1350,1370,20
2016-08-25,952,908,-44,1480,1490,10
2016-08-26,961,923,-38,1650,1600,-50
2016-08-27,1150,972,-178,1550,1550,0
2016-08-28,1150,923,-227,1250,1280,30
2016-08-29,1059,945,-114,1550,1460,-90
2016-08-30,1254,1050,-204,1300,1370,70
2016-08-31,1227,1110,-117,1420,1430,10
2016-09-01,1198,1100,-98,1500,1610,110
2016-09-02,1079,1030,-49,1580,1600,20
2016-09-03,998,973,-25,1620,1630,10
2016-09-04,1082,1000,-82,1180,1160,-20
2016-09-05,1042,992,-50,1290,1250,-40
2016-09-06,997,950,-47,1180,1240,60
2016-09-07,1011,948,-63,1250,1250,0
2016-09-08,947,888,-59,1300,1300,0
2016-09-09,884,850,-34,1350,1360,10
2016-09-10,875,792,-83,1380,1390,10
2016-09-11,799,717,-82,1200,1190,-10
2016-09-12,714,675,-39,1180,1300,120
2016-09-13,738,675,-63,1250,1220,-30
2016-09-14,790,726,-64,1230,1270,40
2016-09-15,852,754,-98,1300,1280,-20
2016-09-16,785,724,-61,1300,1360,60
2016-09-17,805,717,-88,1120,1320,200
2016-09-18,816,697,-119,1050,1100,50
2016-09-19,961,762,-199,1260,1290,30
2016-09-20,910,779,-131,1120,1120,0
2016-09-21,925,814,-111,790,867,77
2016-09-22,836,769,-67,750,834,84
2016-09-23,739,685,-54,990,981,-9
2016-09-24,892,762,-130,930,1040,110
2016-09-25,822,782,-40,920,980,60
2016-09-26,859,739,-120,1080,1170,90
2016-09-27,661,638,-23,980,962,-18
2016-09-28,882,650,-232,1030,1020,-10
2016-09-29,756,624,-132,1050,1090,40
2016-09-30,526,508,-18,1080,1120,40
2016-10-01,544,482,-62,1020,1080,60
2016-10-02,548,497,-51,1050,1040,-10
2016-10-03,556,550,-6,1150,1260,110
2016-10-04,567,557,-10,1200,1230,30
2016-10-05,630,587,-43,1150,1140,-10
2016-10-06,579,579,0,880,992,112
2016-10-07,639,573,-66,1100,1060,-40
2016-10-08,708,607,-101,950,1010,60
2016-10-09,874,662,-212,1000,1070,70
2016-10-10,793,663,-130,1070,1160,90
2016-10-11,865,666,-199,1100,1080,-20
2016-10-12,784,654,-130,1000,1060,60
2016-10-13,696,639,-57,1010,974,-36
2016-10-14,677,618,-59,940,913,-27
2016-10-15,681,599,-82,980,988,8
2016-10-16,615,580,-35,840,851,11
2016-10-17,591,570,-21,930,1010,80
2016-10-18,609,552,-57,970,1050,80
2016-10-19,660,616,-44,910,1000,90
2016-10-20,789,645,-144,1110,1050,-60
2016-10-21,827,673,-154,1060,1060,0
2016-10-22,869,679,-190,1000,975,-25
2016-10-23,717,649,-68,820,838,18
2016-10-24,750,639,-111,930,824,-106
2016-10-25,664,654,-10,700,785,85
2016-10-26,708,586,-122,760,769,9
2016-10-27,500,503,3,640,687,47
2016-10-28,538,493,-45,600,665,65
2016-10-29,560,485,-75,670,698,28
2016-10-30,560,510,-50,620,606,-14
2016-10-31,492,489,-3,710,754,44
2016-11-01,771,582,-189,750,813,63
2016-11-02,775,658,-117,790,771,-19
2016-11-03,700,630,-70,730,756,26
2016-11-04,692,603,-89,700,782,82
2016-11-05,673,588,-85,780,846,66
2016-11-06,592,539,-53,730,725,-5
2016-11-07,560,510,-50,955,920,-35
2016-11-08,497,478,-19,810,814,4
2016-11-09,422,429,7,900,904,4
2016-11-10,570,496,-74,790,802,12
2016-11-11,509,482,-27,820,756,-64
2016-11-12,381,399,18,700,797,97
2016-11-13,446,417,-29,500,596,96
2016-11-14,536,468,-68,650,723,73
2016-11-15,447,451,4,700,754,54
2016-11-16,625,544,-81,740,731,-9
2016-11-17,561,508,-53,710,727,17
2016-11-18,531,483,-48,720,747,27
2016-11-19,551,482,-69,710,704,-6
2016-11-20,380,400,20,590,625,35
2016-11-21,457,420,-37,660,762,102
2016-11-22,401,409,8,825,753,-72
2016-11-23,482,450,-32,500,769,269
2016-11-24,482,398,-84,500,500,0
2016-11-25,416,409,-7,440,562,122
2016-11-26,424,403,-21,450,438,-12
2016-11-27,399,376,-23,390,425,35
2016-11-28,393,391,-2,620,683,63
2016-11-29,428,398,-30,620,580,-40
2016-11-30,430,399,-31,580,574,-6
2016-12-01,500,445,-55,530,636,106
2016-12-02,448,450,2,500,506,6
2016-12-03,425,408,-17,530,547,17
2016-12-04,458,448,-10,420,428,8
2016-12-05,650,548,-102,740,727,-13
2016-12-06,625,492,-133,690,709,19
2016-12-07,489,457,-32,720,767,47
2016-12-08,455,469,14,625,671,46
2016-12-09,530,458,-72,685,673,-12
2016-12-10,450,426,-24,475,498,23
2016-12-11,450,428,-22,500,474,-26
2016-12-12,269,428,159,615,653,38
2016-12-13,324,431,107,600,576,-24
2016-12-14,227,430,203,540,541,1
2016-12-15,243,427,184,740,694,-46
2016-12-16,260,421,161,720,729,9
2016-12-17,600,539,-61,550,607,57
2016-12-18,800,703,-97,460,478,18
2016-12-19,800,726,-74,600,576,-24
2016-12-20,999,922,-77,670,712,42
2016-12-21,1102,1010,-92,920,887,-33
2016-12-22,327,480,153,230,427,197
2016-12-23,270,420,150,260,346,86
2016-12-24,234,400,166,280,264,-16
2016-12-25,208,380,172,220,311,91
2016-12-26,314,376,62,240,305,65
2016-12-27,338,378,40,260,302,42
2016-12-28,323,378,55,380,352,-28
2016-12-29,266,375,109,220,250,30
2016-12-30,111,276,165,0,20,20
2016-12-31,0,48,48,0,0,0
2017-01-01,0,0,0,0,0,0
2017-01-02,0,0,0,0,0,0
2017-01-03,0,0,0,0,0,0
2017-01-04,0,0,0,0,0,0
2017-01-05,0,0,0,0,0,0
2017-01-06,0,0,0,0,0,0
2017-01-07,0,0,0,0,0,0
2017-01-08,0,0,0,150,103,-47
2017-01-09,0,0,0,450,626,176
2017-01-10,0,0,0,600,622,22
2017-01-11,0,0,0,360,386,26
2017-01-12,0,0,0,380,333,-47
2017-01-13,0,0,0,340,358,18
2017-01-14,600,0,-600,350,330,-20
2017-01-15,800,220,-580,290,300,10
2017-01-16,400,368,-32,300,319,19
2017-01-17,350,320,-30,270,338,68
2017-01-18,350,332,-18,340,380,40
2017-01-19,350,244,-106,370,365,-5
2017-01-20,600,0,-600,320,319,-1
2017-01-21,600,0,-600,300,302,2
2017-01-22,400,199,-201,250,273,23
2017-01-23,400,356,-44,340,391,51
2017-01-24,123,371,248,380,385,5
2017-01-25,222,369,147,525,489,-36
2017-01-26,234,369,135,650,597,-53
2017-01-27,401,370,-31,740,776,36
2017-01-28,278,385,107,790,779,-11
2017-01-29,234,392,158,650,655,5
2017-01-30,253,397,144,720,716,-4
2017-01-31,247,395,148,800,738,-62
2017-02-01,277,396,119,980,1000,20
2017-02-02,343,397,54,950,951,1
2017-02-03,343,395,52,900,933,33
2017-02-04,348,395,47,720,731,11
2017-02-05,325,395,70,510,496,-14
2017-02-06,404,409,5,460,479,19
2017-02-07,370,409,39,520,551,31
2017-02-08,569,522,-47,600,595,-5
2017-02-09,629,618,-11,660,684,24
2017-02-10,677,644,-33,800,765,-35
2017-02-11,701,643,-58,750,769,19
2017-02-12,730,607,-123,610,645,35
2017-02-13,753,678,-75,725,685,-40
2017-02-14,700,628,-72,820,732,-88
2017-02-15,594,556,-38,830,818,-12
2017-02-16,667,611,-56,1020,953,-67
2017-02-17,740,625,-115,850,890,40
2017-02-18,358,441,83,280,438,158
2017-02-19,310,411,101,250,274,24
2017-02-20,315,418,103,290,361,71
2017-02-21,324,417,93,390,435,45
2017-02-22,300,412,112,540,585,45
2017-02-23,338,412,74,640,680,40
2017-02-24,338,416,78,700,780,80
2017-02-25,318,416,98,800,830,30
2017-02-26,360,418,58,750,677,-73
2017-02-27,448,416,-32,600,574,-26
2017-02-28,357,395,38,430,483,53
2017-03-01,454,439,-15,425,472,47
2017-03-02,458,453,-5,500,575,75
2017-03-03,493,464,-29,540,548,8
2017-03-04,503,458,-45,570,531,-39
2017-03-05,506,488,-18,470,442,-28
2017-03-06,485,458,-27,590,586,-4
2017-03-07,623,583,-40,685,511,-174
2017-03-08,838,756,-82,720,732,12
2017-03-09,897,834,-63,760,812,52
2017-03-10,1045,984,-61,850,837,-13
2017-03-11,1019,966,-53,820,896,76
2017-03-12,938,911,-27,680,703,23
2017-03-13,930,900,-30,820,833,13
2017-03-14,914,899,-15,790,819,29
2017-03-15,928,867,-61,890,956,66
2017-03-16,988,916,-72,1275,1120,-155
2017-03-17,1088,954,-134,1175,1170,-5
2017-03-18,1009,952,-57,1150,1160,10
2017-03-19,896,882,-14,920,1020,100
2017-03-20,1050,997,-53,1150,1090,-60
2017-03-21,1009,989,-20,1010,1100,90
2017-03-22,898,885,-13,1190,1120,-70
2017-03-23,943,867,-76,1220,1210,-10
2017-03-24,870,859,-11,1350,1370,20
2017-03-25,956,892,-64,1100,1070,-30
2017-03-26,987,944,-43,860,805,-55
2017-03-27,935,913,-22,1200,1150,-50
2017-03-28,983,936,-47,1050,1180,130
2017-03-29,993,971,-22,1150,1200,50
2017-03-30,1300,1200,-100,1180,1230,50
2017-03-31,1175,1170,-5,1180,1190,10
2017-04-01,1036,1030,-6,1090,1080,-10
2017-04-02,948,938,-10,925,985,60
2017-04-03,931,869,-62,1220,1210,-10
2017-04-04,1086,1010,-76,1340,1400,60
2017-04-05,1169,1100,-69,1220,1280,60
2017-04-06,1620,1310,-310,1300,1370,70
2017-04-07,1358,1310,-48,1150,1200,50
2017-04-08,1213,1210,-3,780,1030,250
2017-04-09,1379,1300,-79,800,811,11
2017-04-10,1451,1400,-51,1100,996,-104
2017-04-11,1476,1450,-26,960,1020,60
2017-04-12,1413,1390,-23,1050,1160,110
2017-04-13,1251,1250,-1,1200,1170,-30
2017-04-14,1400,1330,-70,1150,1130,-20
2017-04-15,1215,1180,-35,890,1110,220
2017-04-16,1160,1090,-70,760,782,22
2017-04-17,1080,1040,-40,1075,1110,35
2017-04-18,1068,1010,-58,1200,1150,-50
2017-04-19,1069,1030,-39,1230,1280,50
2017-04-20,1280,1160,-120,1500,1540,40
2017-04-21,1373,1290,-83,1500,1530,30
2017-04-22,1456,1380,-76,1450,1340,-110
2017-04-23,1330,1300,-30,1140,1130,-10
2017-04-24,1206,1190,-16,1220,1230,10
2017-04-25,1369,1270,-99,1230,1160,-70
2017-04-26,1367,1280,-87,1245,1270,25
2017-04-27,1299,1210,-89,1280,1260,-20
2017-04-28,1233,1170,-63,1160,1120,-40
2017-04-29,1255,1160,-95,1190,1200,10
2017-04-30,1062,1030,-32,1080,1110,30
2017-05-01,1098,1090,-8,1320,1390,70
2017-05-02,1090,1080,-10,1350,1390,40
2017-05-03,1070,1030,-40,1390,1340,-50
2017-05-04,1187,1110,-77,1520,1570,50
2017-05-05,1231,1150,-81,1350,1290,-60
2017-05-06,1287,1160,-127,1350,1350,0
2017-05-07,1020,998,-22,1250,1260,10
2017-05-08,1039,943,-96,1350,1300,-50
2017-05-09,1000,859,-141,550,790,240
2017-05-10,1027,914,-113,550,582,32
2017-05-11,931,893,-38,970,947,-23
2017-05-12,926,880,-46,1010,1090,80
2017-05-13,1061,984,-77,1050,1040,-10
2017-05-14,1143,1060,-83,820,822,2
2017-05-15,1278,1050,-228,1130,1070,-60
2017-05-16,1091,1020,-71,1000,1060,60
2017-05-17,1155,1080,-75,1220,1250,30
2017-05-18,1216,1120,-96,1150,1210,60
2017-05-19,1142,1130,-12,1100,1060,-40
2017-05-20,1229,1150,-79,1025,1080,55
2017-05-21,1200,1130,-70,950,874,-76
2017-05-22,1250,1150,-100,1275,1240,-35
2017-05-23,1400,1270,-130,1340,1300,-40
2017-05-24,1400,1300,-100,1550,1600,50
2017-05-25,1450,1420,-30,1680,1610,-70
2017-05-26,1500,1440,-60,1650,1640,-10
2017-05-27,1500,1430,-70,1220,1290,70
2017-05-28,1226,1260,34,1000,1060,60
2017-05-29,1143,1110,-33,990,1040,50
2017-05-30,1174,1080,-94,1300,1270,-30
2017-05-31,1275,1140,-135,1440,1450,10
2017-06-01,1300,1220,-80,1500,1670,170
2017-06-02,1215,1180,-35,1440,1510,70
2017-06-03,1330,1190,-140,1250,1350,100
2017-06-04,1089,1080,-9,950,1090,140
2017-06-05,1250,1150,-100,1420,1380,-40
2017-06-06,1160,1080,-80,1300,1500,200
2017-06-07,1300,1230,-70,1630,1610,-20
2017-06-08,1277,1220,-57,1760,1770,10
2017-06-09,1207,1150,-57,1620,1620,0
2017-06-10,1171,1100,-71,1390,1460,70
2017-06-11,1100,1040,-60,1250,1210,-40
2017-06-12,1200,1110,-90,1280,1320,40
2017-06-13,1430,1320,-110,1320,1360,40
2017-06-14,1473,1400,-73,1600,1520,-80
2017-06-15,1437,1330,-107,1650,1600,-50
2017-06-16,1418,1370,-48,1600,1530,-70
2017-06-17,1441,1350,-91,1400,1350,-50
2017-06-18,1406,1370,-36,1200,1260,60
2017-06-19,1291,1300,9,1360,1440,80
2017-06-20,1430,1330,-100,1550,1530,-20
2017-06-21,1420,1290,-130,1500,1560,60
2017-06-22,1270,1180,-90,1675,1630,-45
2017-06-23,1180,1110,-70,1560,1550,-10
2017-06-24,1160,1110,-50,1450,1440,-10
2017-06-25,1150,1120,-30,1240,1340,100
2017-06-26,1231,1170,-61,1600,1540,-60
2017-06-27,1400,1330,-70,1860,1750,-110
2017-06-28,1489,1410,-79,1750,1760,10
2017-06-29,1500,1410,-90,1620,1700,80
2017-06-30,1447,1380,-67,1460,1460,0
2017-07-01,1270,1210,-60,1430,1460,30
2017-07-02,1270,1220,-50,1440,1470,30
2017-07-03,1321,1260,-61,1740,1690,-50
2017-07-04,1347,1280,-67,1580,1610,30
2017-07-05,1400,1310,-90,1770,1800,30
2017-07-06,1440,1370,-70,1800,1890,90
2017-07-07,1329,1350,21,1890,1820,-70
2017-07-08,1349,1310,-39,1725,1660,-65
2017-07-09,1249,1210,-39,1375,1390,15
2017-07-10,1239,1180,-59,1510,1550,40
2017-07-11,1184,1140,-44,1600,1630,30
2017-07-12,1172,1110,-62,1740,1750,10
2017-07-13,1220,1140,-80,1760,1860,100
2017-07-14,1435,1330,-105,1865,1890,25
2017-07-15,1220,1180,-40,1605,1750,145
2017-07-16,1151,1160,9,1451,1550,99
2017-07-17,1221,1180,-41,1525,1560,35
2017-07-18,1275,1250,-25,1700,1650,-50
2017-07-19,1414,1350,-64,1600,1570,-30
2017-07-20,1355,1330,-25,1400,1430,30
2017-07-21,1340,1290,-50,1400,1410,10
2017-07-22,1433,1350,-83,1580,1440,-140
2017-07-23,1381,1320,-61,1150,1240,90
2017-07-24,1200,1210,10,1325,1360,35
2017-07-25,1067,1020,-47,1295,1280,-15
2017-07-26,1102,1080,-22,1430,1410,-20
2017-07-27,1096,1100,4,1680,1680,0
2017-07-28,1186,1120,-66,1430,1470,40
2017-07-29,1089,1040,-49,1320,1410,90
2017-07-30,1116,1070,-46,1400,1480,80
2017-07-31,1115,1100,-15,1350,1310,-40
2017-08-01,1180,1100,-80,1380,1410,30
2017-08-02,1350,1290,-60,1550,1550,0
2017-08-03,1186,1160,-26,1450,1470,20
2017-08-04,1043,993,-50,1350,1340,-10
2017-08-05,1027,929,-98,1280,1270,-10
2017-08-06,880,873,-7,1230,1250,20
2017-08-07,1090,944,-146,1550,1450,-100
2017-08-08,1160,983,-177,1520,1640,120
2017-08-09,1283,951,-332,1790,1820,30
2017-08-10,1257,1040,-217,1750,1690,-60
2017-08-11,1137,1110,-27,1400,1470,70
2017-08-12,1070,1040,-30,1300,1280,-20
2017-08-13,950,909,-41,1240,1250,10
2017-08-14,1018,955,-63,1550,1550,0
2017-08-15,1234,1030,-204,1650,1610,-40
2017-08-16,1336,1090,-246,1550,1590,40
2017-08-17,1369,1170,-199,1600,1540,-60
2017-08-18,1360,1250,-110,1610,1610,0
2017-08-19,1224,1200,-24,1490,1560,70
2017-08-20,1021,1050,29,1320,1280,-40
2017-08-21,1001,1010,9,1480,1470,-10
2017-08-22,1157,1040,-117,1520,1470,-50
2017-08-23,1173,1070,-103,1440,1610,170
2017-08-24,1154,1080,-74,1320,1470,150
2017-08-25,1260,1090,-170,1225,1370,145
2017-08-26,1325,1100,-225,1200,1230,30
2017-08-27,1196,1070,-126,850,1020,170
2017-08-28,1186,1100,-86,1320,1300,-20
2017-08-29,1130,1110,-20,1450,1480,30
2017-08-30,1132,1110,-22,1600,1670,70
2017-08-31,1192,1200,8,1520,1640,120
2017-09-01,1198,1210,12,1530,1560,30
2017-09-02,1265,1200,-65,1420,1560,140
2017-09-03,1315,1210,-105,1150,1320,170
2017-09-04,1281,1220,-61,1300,1360,60
2017-09-05,1287,1230,-57,1340,1410,70
2017-09-06,1288,1260,-28,1460,1460,0
2017-09-07,1160,1170,10,1340,1390,50
2017-09-08,930,969,39,1000,1100,100
2017-09-09,1200,735,-465,600,592,-8
2017-09-10,1200,456,-744,425,469,44
2017-09-11,470,459,-11,470,465,-5
2017-09-12,590,518,-72,585,584,-1
2017-09-13,735,684,-51,800,800,0
2017-09-14,629,611,-18,830,920,90
2017-09-15,793,647,-146,950,966,16
2017-09-16,675,674,-1,900,1060,160
2017-09-17,728,674,-54,800,836,36
2017-09-18,861,811,-50,1290,1160,-130
2017-09-19,950,889,-61,1325,1470,145
2017-09-20,888,897,9,1320,1360,40
2017-09-21,840,830,-10,1350,1330,-20
2017-09-22,1012,942,-70,1200,1220,20
2017-09-23,1011,975,-36,1050,1120,70
2017-09-24,848,840,-8,860,943,83
2017-09-25,1035,897,-138,1080,1150,70
2017-09-26,920,908,-12,1100,1090,-10
2017-09-27,854,801,-53,1040,1040,0
2017-09-28,770,800,30,1100,1010,-90
2017-09-29,971,877,-94,925,1040,115
2017-09-30,850,835,-15,860,905,45
2017-10-01,850,821,-29,780,825,45
2017-10-02,802,793,-9,1250,1130,-120
2017-10-03,827,774,-53,1200,1290,90
2017-10-04,746,701,-45,1140,1120,-20
2017-10-05,792,769,-23,1090,1130,40
2017-10-06,1030,901,-129,960,1120,160
2017-10-07,821,789,-32,1070,1180,110
2017-10-08,880,795,-85,1050,1040,-10
2017-10-09,670,699,29,1120,1180,60
2017-10-10,800,737,-63,1180,1180,0
2017-10-11,950,853,-97,1190,1220,30
2017-10-12,950,872,-78,1150,1200,50
2017-10-13,866,805,-61,1050,1040,-10
2017-10-14,851,779,-72,910,948,38
2017-10-15,736,751,15,825,869,44
2017-10-16,917,827,-90,870,986,116
2017-10-17,873,819,-54,940,947,7
2017-10-18,800,763,-37,930,934,4
2017-10-19,720,717,-3,920,909,-11
2017-10-20,789,690,-99,900,911,11
2017-10-21,695,630,-65,790,769,-21
2017-10-22,560,559,-1,650,666,16
2017-10-23,730,644,-86,800,863,63
2017-10-24,700,684,-16,820,821,1
2017-10-25,680,653,-27,790,764,-26
2017-10-26,689,621,-68,860,877,17
2017-10-27,550,581,31,780,840,60
2017-10-28,682,600,-82,660,789,129
2017-10-29,658,593,-65,700,636,-64
2017-10-30,580,571,-9,680,763,83
2017-10-31,675,619,-56,700,779,79
2017-11-01,650,599,-51,800,822,22
2017-11-02,527,540,13,800,771,-29
2017-11-03,621,581,-40,780,728,-52
2017-11-04,550,563,13,560,661,101
2017-11-05,518,493,-25,540,525,-15
2017-11-06,254,337,83,500,530,30
2017-11-07,350,335,-15,580,608,28
2017-11-08,350,334,-16,740,770,30
2017-11-09,382,360,-22,830,885,55
2017-11-10,478,410,-68,830,868,38
2017-11-11,422,421,-1,620,730,110
2017-11-12,364,398,34,460,461,1
2017-11-13,365,377,12,550,586,36
2017-11-14,350,404,54,520,584,64
2017-11-15,520,460,-60,590,582,-8
2017-11-16,520,516,-4,600,565,-35
2017-11-17,486,498,12,570,625,55
2017-11-18,508,509,1,640,626,-14
2017-11-19,540,503,-37,490,495,5
2017-11-20,540,488,-52,770,803,33
2017-11-21,540,477,-63,600,687,87
2017-11-22,418,448,30,600,620,20
2017-11-23,400,395,-5,400,464,64
2017-11-24,425,379,-46,540,575,35
2017-11-25,521,435,-86,580,580,0
2017-11-26,397,404,7,430,496,66
2017-11-27,441,412,-29,570,564,-6
2017-11-28,450,425,-25,590,621,31
2017-11-29,450,425,-25,650,682,32
2017-11-30,400,392,-8,600,665,65
2017-12-01,475,410,-65,580,643,63
2017-12-02,475,438,-37,590,584,-6
2017-12-03,475,439,-36,500,477,-23
2017-12-04,452,441,-11,600,595,-5
2017-12-05,613,579,-34,590,608,18
2017-12-06,843,755,-88,680,698,18
2017-12-07,861,793,-68,680,735,55
2017-12-08,350,446,96,680,693,13
2017-12-09,325,351,26,500,600,100
2017-12-10,257,358,101,420,421,1
2017-12-11,300,374,74,480,542,62
2017-12-12,340,375,35,640,647,7
2017-12-13,400,376,-24,600,758,158
2017-12-14,450,400,-50,770,794,24
2017-12-15,450,418,-32,800,812,12
2017-12-16,400,381,-19,770,756,-14
2017-12-17,550,520,-30,460,490,30
2017-12-18,588,616,28,630,623,-7
2017-12-19,919,747,-172,810,757,-53
2017-12-20,900,788,-112,800,868,68
2017-12-21,800,741,-59,780,799,19
2017-12-22,800,749,-51,680,666,-14
2017-12-23,750,698,-52,510,536,26
2017-12-24,496,520,24,300,317,17
2017-12-25,800,440,-360,290,295,5
2017-12-26,407,440,33,880,899,19
2017-12-27,716,546,-170,1100,1160,60
2017-12-28,837,612,-225,960,900,-60
2017-12-29,628,278,-350,0,0,0
2017-12-30,800,0,-800,0,0,0
2017-12-31,800,0,-800,0,0,0
2018-01-01,0,0,0,0,0,0
2018-01-02,0,0,0,0,0,0
2018-01-03,0,0,0,0,0,0
2018-01-04,0,0,0,0,0,0
2018-01-05,0,0,0,0,0,0
2018-01-06,0,0,0,0,0,0
2018-01-07,0,0,0,0,30,30
2018-01-08,0,0,0,520,516,-4
2018-01-09,0,0,0,470,465,-5
2018-01-10,0,0,0,260,235,-25
2018-01-11,0,0,0,220,227,7
2018-01-12,0,0,0,350,386,36
2018-01-13,0,0,0,490,495,5
2018-01-14,0,32,32,510,504,-6
2018-01-15,548,253,-295,640,651,11
2018-01-16,500,256,-244,690,671,-19
2018-01-17,525,256,-269,700,707,7
2018-01-18,441,220,-221,805,868,63
2018-01-19,453,234,-219,740,705,-35
2018-01-20,370,355,-15,620,658,38
2018-01-21,405,505,100,480,534,54
2018-01-22,670,598,-72,710,715,5
2018-01-23,773,675,-98,810,801,-9
2018-01-24,789,739,-50,900,940,40
2018-01-25,839,850,11,800,834,34
2018-01-26,725,759,34,800,822,22
2018-01-27,724,796,72,650,704,54
2018-01-28,705,773,68,490,499,9
2018-01-29,687,731,44,675,706,31
2018-01-30,670,679,9,800,797,-3
2018-01-31,729,697,-32,780,764,-16
2018-02-01,800,700,-100,850,816,-34
2018-02-02,550,610,60,780,775,-5
2018-02-03,503,586,83,780,780,0
2018-02-04,497,514,17,630,610,-20
2018-02-05,575,540,-35,780,752,-28
2018-02-06,518,577,59,920,949,29
2018-02-07,585,624,39,840,803,-37
2018-02-08,679,649,-30,830,834,4
2018-02-09,500,585,85,980,957,-23
2018-02-10,429,555,126,985,993,8
2018-02-11,527,587,60,680,735,55
2018-02-12,694,710,16,720,791,71
2018-02-13,589,549,-40,680,620,-60
2018-02-14,521,485,-36,850,825,-25
2018-02-15,509,488,-21,800,822,22
2018-02-16,690,567,-123,820,806,-14
2018-02-17,620,572,-48,800,775,-25
2018-02-18,364,465,101,650,654,4
2018-02-19,552,492,-60,730,699,-31
2018-02-20,501,491,-10,630,629,-1
2018-02-21,497,494,-3,780,716,-64
2018-02-22,584,540,-44,740,694,-46
2018-02-23,547,563,16,670,658,-12
2018-02-24,467,503,36,630,586,-44
2018-02-25,405,476,71,460,476,16
2018-02-26,448,472,24,620,644,24
2018-02-27,363,486,123,840,813,-27
2018-02-28,427,487,60,830,862,32
2018-03-01,546,551,5,900,801,-99
2018-03-02,463,538,75,810,954,144
2018-03-03,364,489,125,770,834,64
2018-03-04,527,541,14,650,602,-48
2018-03-05,741,660,-81,800,735,-65
2018-03-06,726,657,-69,920,819,-101
2018-03-07,798,705,-93,1000,965,-35
2018-03-08,879,788,-91,860,856,-4
2018-03-09,811,768,-43,1080,1070,-10
2018-03-10,751,729,-22,1100,1120,20
2018-03-11,793,741,-52,880,959,79
2018-03-12,845,759,-86,1000,1030,30
2018-03-13,767,704,-63,1020,1010,-10
2018-03-14,1053,915,-138,1000,969,-31
2018-03-15,960,919,-41,1050,1020,-30
2018-03-16,1083,1010,-73,1150,1100,-50
2018-03-17,1200,1070,-130,1000,1040,40
2018-03-18,1169,1100,-69,750,836,86
2018-03-19,1171,1120,-51,1020,1020,0
2018-03-20,1100,1060,-40,1060,1120,60
2018-03-21,1160,1090,-70,1100,1090,-10
2018-03-22,1200,1120,-80,1080,1130,50
2018-03-23,1120,1070,-50,1200,1270,70
2018-03-24,1120,1060,-60,1300,1300,0
2018-03-25,999,970,-29,980,1010,30
2018-03-26,1121,1050,-71,980,968,-12
2018-03-27,1000,968,-32,1090,1180,90
2018-03-28,1100,941,-159,1050,1110,60
2018-03-29,860,813,-47,1120,1080,-40
2018-03-30,860,796,-64,1020,1060,40
2018-03-31,930,840,-90,770,921,151
2018-04-01,743,702,-41,405,483,78
2018-04-02,874,803,-71,960,991,31
2018-04-03,900,836,-64,900,1080,180
2018-04-04,910,832,-78,1040,994,-46
2018-04-05,1300,1140,-160,1080,1100,20
2018-04-06,1271,1180,-91,1010,1020,10
2018-04-07,1060,1040,-20,850,809,-41
2018-04-08,901,849,-52,720,699,-21
2018-04-09,964,892,-72,850,844,-6
2018-04-10,1118,1030,-88,800,841,41
2018-04-11,1180,1100,-80,1000,1030,30
2018-04-12,1230,1130,-100,1150,1150,0
2018-04-13,1120,1020,-100,1200,1220,20
2018-04-14,850,817,-33,1220,1310,90
2018-04-15,733,731,-2,910,993,83
2018-04-16,830,737,-93,920,926,6
2018-04-17,942,877,-65,1140,1150,10
2018-04-18,1024,936,-88,1150,1130,-20
2018-04-19,933,929,-4,1100,1180,80
2018-04-20,992,910,-82,1190,1130,-60
2018-04-21,1147,1000,-147,1200,1170,-30
2018-04-22,1066,1020,-46,1100,1100,0
2018-04-23,1149,1060,-89,1280,1360,80
2018-04-24,1240,1160,-80,1470,1460,-10
2018-04-25,1348,1250,-98,1510,1560,50
2018-04-26,1360,1290,-70,1500,1490,-10
2018-04-27,1158,1160,2,1450,1460,10
2018-04-28,1180,1110,-70,1150,1260,110
2018-04-29,1100,1060,-40,890,926,36
2018-04-30,1204,1100,-104,1220,1280,60
2018-05-01,1400,1280,-120,1270,1310,40
2018-05-02,1387,1330,-57,1430,1420,-10
2018-05-03,1473,1390,-83,1400,1410,10
2018-05-04,1346,1250,-96,1350,1410,60
2018-05-05,1269,1220,-49,1140,1200,60
2018-05-06,1280,1060,-220,1000,1030,30
2018-05-07,1073,1020,-53,1300,1330,30
2018-05-08,1148,1100,-48,1400,1500,100
2018-05-09,1387,1340,-47,1500,1610,110
2018-05-10,1438,1400,-38,1620,1570,-50
2018-05-11,1588,1490,-98,1680,1660,-20
2018-05-12,1444,1390,-54,1320,1510,190
2018-05-13,1200,1140,-60,1400,1200,-200
2018-05-14,1100,1040,-60,1150,1090,-60
2018-05-15,1188,1140,-48,1480,1400,-80
2018-05-16,1280,1210,-70,1350,1370,20
2018-05-17,1180,1170,-10,1350,1320,-30
2018-05-18,1169,1120,-49,1200,1370,170
2018-05-19,1188,1090,-98,1180,1360,180
2018-05-20,1150,1080,-70,1100,1120,20
2018-05-21,1150,1080,-70,1200,1240,40
2018-05-22,1237,1160,-77,1250,1360,110
2018-05-23,1185,1130,-55,1280,1300,20
2018-05-24,1377,1300,-77,1250,1310,60
2018-05-25,1362,1340,-22,1500,1430,-70
2018-05-26,1436,1340,-96,1580,1560,-20
2018-05-27,1200,1120,-80,1300,1280,-20
2018-05-28,1195,1120,-75,1550,1490,-60
2018-05-29,1074,1030,-44,1580,1550,-30
2018-05-30,1316,1200,-116,1700,1840,140
2018-05-31,1400,1330,-70,1650,1720,70
2018-06-01,1379,1320,-59,1560,1510,-50
2018-06-02,1216,1320,104,1420,1400,-20
2018-06-03,1070,1190,120,1260,1180,-80
2018-06-04,1140,1050,-90,1400,1310,-90
2018-06-05,1240,1170,-70,1560,1690,130
2018-06-06,1355,1260,-95,1580,1660,80
2018-06-07,1480,1410,-70,1700,1650,-50
2018-06-08,1386,1390,4,1430,1430,0
2018-06-09,1375,1400,25,1150,1260,110
2018-06-10,1380,1330,-50,1100,1130,30
2018-06-11,1400,1320,-80,1260,1230,-30
2018-06-12,1370,1300,-70,1550,1540,-10
2018-06-13,1400,1380,-20,1350,1450,100
2018-06-14,1450,1390,-60,1400,1590,190
2018-06-15,1440,1340,-100,1530,1560,30
2018-06-16,1290,1220,-70,1260,1340,80
2018-06-17,1400,1080,-320,1080,1110,30
2018-06-18,1104,1060,-44,1600,1510,-90
2018-06-19,1120,1130,10,1560,1580,20
2018-06-20,1230,1140,-90,1700,1680,-20
2018-06-21,1315,1200,-115,1550,1720,170
2018-06-22,1388,1270,-118,1500,1540,40
2018-06-23,1290,1210,-80,1480,1440,-40
2018-06-24,1082,1040,-42,1200,1190,-10
2018-06-25,1116,1050,-66,1450,1430,-20
2018-06-26,1236,1130,-106,1650,1610,-40
2018-06-27,1365,1200,-165,1680,1550,-130
2018-06-28,1454,1220,-234,1600,1670,70
2018-06-29,1449,1220,-229,1600,1560,-40
2018-06-30,1320,1240,-80,1520,1520,0
2018-07-01,1350,1230,-120,1360,1330,-30
2018-07-02,1340,1220,-120,1590,1500,-90
2018-07-03,1380,1240,-140,1590,1660,70
2018-07-04,1306,1230,-76,1740,1670,-70
2018-07-05,1338,1250,-88,1670,1680,10
2018-07-06,1399,1260,-139,1460,1490,30
2018-07-07,1416,1350,-66,1510,1480,-30
2018-07-08,1461,1240,-221,1300,1290,-10
2018-07-09,1431,1380,-51,1400,1440,40
2018-07-10,1477,1410,-67,1390,1580,190
2018-07-11,1341,1340,-1,1580,1540,-40
2018-07-12,1443,1370,-73,1560,1580,20
2018-07-13,1495,1400,-95,1520,1520,0
2018-07-14,1397,1310,-87,1460,1480,20
2018-07-15,1283,1230,-53,1050,1120,70
2018-07-16,1330,1180,-150,1300,1250,-50
2018-07-17,1428,1220,-208,1600,1540,-60
2018-07-18,1422,1280,-142,1500,1450,-50
2018-07-19,1215,1230,15,1150,1290,140
2018-07-20,1130,1170,40,1280,1260,-20
2018-07-21,1321,1230,-91,1300,1310,10
2018-07-22,1366,1200,-166,1220,1250,30
2018-07-23,1288,1200,-88,1570,1550,-20
2018-07-24,1192,1160,-32,1580,1500,-80
2018-07-25,1170,1120,-50,1680,1630,-50
2018-07-26,1184,1110,-74,1750,1870,120
2018-07-27,1164,1120,-44,1900,1830,-70
2018-07-28,1185,1100,-85,1480,1500,20
2018-07-29,1088,1040,-48,1420,1420,0
2018-07-30,1247,1090,-157,1530,1640,110
2018-07-31,1090,1050,-40,1500,1480,-20
2018-08-01,1140,1080,-60,1750,1670,-80
2018-08-02,1230,1160,-70,1700,1720,20
2018-08-03,1370,1290,-80,1800,1840,40
2018-08-04,1331,1350,19,1870,2000,130
2018-08-05,1380,1350,-30,1850,1660,-190
2018-08-06,1300,1280,-20,1800,1840,40
2018-08-07,1388,1300,-88,1880,1870,-10
2018-08-08,1339,1290,-49,1950,1900,-50
2018-08-09,1412,1330,-82,1820,1960,140
2018-08-10,1238,1230,-8,1900,1850,-50
2018-08-11,1253,1190,-63,1590,1860,270
2018-08-12,1185,1130,-55,1450,1500,50
2018-08-13,1047,1000,-47,1520,1540,20
2018-08-14,1066,1040,-26,1650,1710,60
2018-08-15,1077,984,-93,1860,1780,-80
2018-08-16,930,832,-98,1700,1730,30
2018-08-17,711,667,-44,1690,1620,-70
2018-08-18,775,743,-32,1800,1760,-40
2018-08-19,831,754,-77,1420,1480,60
2018-08-20,978,881,-97,1700,1700,0
2018-08-21,1132,1020,-112,1700,1780,80
2018-08-22,1358,1110,-248,1870,1900,30
2018-08-23,1354,1250,-104,1850,1840,-10
2018-08-24,1296,1220,-76,1750,1760,10
2018-08-25,1294,1190,-104,1350,1430,80
2018-08-26,1020,1020,0,1380,1380,0
2018-08-27,1082,986,-96,1720,1650,-70
2018-08-28,1267,1070,-197,1650,1680,30
2018-08-29,1260,1120,-140,1700,1800,100
2018-08-30,1304,1140,-164,1850,1840,-10
2018-08-31,1066,1020,-46,1820,1750,-70
2018-09-01,926,855,-71,1650,1630,-20
2018-09-02,1300,862,-438,1460,1410,-50
2018-09-03,972,866,-106,1500,1560,60
2018-09-04,945,864,-81,1660,1630,-30
2018-09-05,1043,918,-125,1700,1700,0
2018-09-06,1020,930,-90,1680,1650,-30
2018-09-07,1080,952,-128,1660,1650,-10
2018-09-08,1208,1010,-198,1600,1520,-80
2018-09-09,1120,995,-125,1290,1260,-30
2018-09-10,1170,965,-205,1360,1380,20
2018-09-11,1172,862,-310,1480,1490,10
2018-09-12,1208,1030,-178,1500,1540,40
2018-09-13,1188,1120,-68,1650,1600,-50
2018-09-14,1192,1100,-92,1640,1410,-230
2018-09-15,1216,1130,-86,1250,1300,50
2018-09-16,1226,1160,-66,890,963,73
2018-09-17,1170,1110,-60,1220,1280,60
2018-09-18,1031,976,-55,1480,1450,-30
2018-09-19,1180,1080,-100,1400,1420,20
2018-09-20,1084,1060,-24,1360,1450,90
2018-09-21,1230,1140,-90,1410,1330,-80
2018-09-22,1136,1110,-26,1000,1110,110
2018-09-23,947,926,-21,900,938,38
2018-09-24,1090,976,-114,1270,1330,60
2018-09-25,1170,1090,-80,1450,1460,10
2018-09-26,1062,1030,-32,1460,1460,0
2018-09-27,1161,1040,-121,1600,1490,-110
2018-09-28,1007,933,-74,1450,1530,80
2018-09-29,1040,938,-102,1060,1170,110
2018-09-30,853,798,-55,900,700,-200
2018-10-01,799,738,-61,550,550,0
2018-10-02,663,704,41,670,632,-38
2018-10-03,693,673,-20,820,810,-10
2018-10-04,852,766,-86,980,1040,60
2018-10-05,770,790,20,1100,1180,80
2018-10-06,718,676,-42,1100,1080,-20
2018-10-07,614,616,2,700,674,-26
2018-10-08,653,634,-19,880,813,-67
2018-10-09,715,657,-58,860,837,-23
2018-10-10,731,677,-54,940,986,46
2018-10-11,620,569,-51,930,959,29
2018-10-12,568,551,-17,990,980,-10
2018-10-13,237,471,234,350,428,78
2018-10-14,449,388,-61,420,402,-18
2018-10-15,323,387,64,500,497,-3
2018-10-16,275,380,105,480,506,26
2018-10-17,429,389,-40,590,616,26
2018-10-18,415,418,3,530,651,121
2018-10-19,419,445,26,760,772,12
2018-10-20,401,415,14,720,764,44
2018-10-21,346,380,34,500,524,24
2018-10-22,431,436,5,630,668,38
2018-10-23,440,442,2,630,703,73
2018-10-24,461,458,-3,700,704,4
2018-10-25,508,491,-17,760,748,-12
2018-10-26,470,465,-5,800,847,47
2018-10-27,420,395,-25,700,670,-30
2018-10-28,379,399,20,500,506,6
2018-10-29,436,412,-24,580,592,12
2018-10-30,370,409,39,670,714,44
2018-10-31,550,476,-74,750,791,41
2018-11-01,580,563,-17,850,832,-18
2018-11-02,624,570,-54,880,831,-49
2018-11-03,549,544,-5,880,886,6
2018-11-04,495,525,30,700,718,18
2018-11-05,517,525,8,820,820,0
2018-11-06,575,531,-44,680,669,-11
2018-11-07,568,547,-21,730,764,34
2018-11-08,591,552,-39,780,809,29
2018-11-09,568,550,-18,800,869,69
2018-11-10,527,514,-13,800,772,-28
2018-11-11,476,458,-18,650,635,-15
2018-11-12,550,488,-62,780,837,57
2018-11-13,500,477,-23,760,768,8
2018-11-14,665,586,-79,730,721,-9
2018-11-15,650,594,-56,840,837,-3
2018-11-16,650,588,-62,950,904,-46
2018-11-17,580,527,-53,720,688,-32
2018-11-18,580,535,-45,600,597,-3
2018-11-19,642,601,-41,800,767,-33
2018-11-20,730,651,-79,780,807,27
2018-11-21,730,597,-133,800,756,-44
2018-11-22,460,440,-20,580,580,0
2018-11-23,475,470,-5,580,584,4
2018-11-24,480,473,-7,500,510,10
2018-11-25,500,445,-55,450,416,-34
2018-11-26,448,467,19,650,665,15
2018-11-27,560,499,-61,690,805,115
2018-11-28,625,571,-54,700,676,-24
2018-11-29,600,557,-43,680,701,21
2018-11-30,550,510,-40,710,788,78
2018-12-01,616,541,-75,670,801,131
2018-12-02,548,514,-34,560,569,9
2018-12-03,468,464,-4,650,672,22
2018-12-04,570,478,-92,530,576,46
2018-12-05,436,452,16,500,468,-32
2018-12-06,438,420,-18,460,466,6
2018-12-07,190,315,125,300,305,5
2018-12-08,169,230,61,310,335,25
2018-12-09,196,210,14,350,369,19
2018-12-10,196,206,10,340,368,28
2018-12-11,196,209,13,420,418,-2
2018-12-12,196,209,13,380,396,16
2018-12-13,196,208,12,320,352,32
2018-12-14,186,208,22,410,441,31
2018-12-15,207,209,2,440,462,22
2018-12-16,340,210,-130,400,393,-7
2018-12-17,197,209,12,420,428,8
2018-12-18,425,313,-112,440,511,71
2018-12-19,414,394,-20,550,571,21
2018-12-20,389,426,37,680,562,-118
2018-12-21,381,413,32,530,506,-24
2018-12-22,460,418,-42,340,364,24
2018-12-23,390,405,15,300,324,24
2018-12-24,400,398,-2,280,298,18
2018-12-25,318,397,79,290,303,13
2018-12-26,375,396,21,520,555,35
2018-12-27,445,421,-24,590,629,39
2018-12-28,414,415,1,660,690,30
2018-12-29,535,449,-86,560,676,116
2018-12-30,437,418,-19,420,484,64
2018-12-31,342,374,32,490,476,-14